-6.224050521850585938e-01
1.061850547790527344e+00
2.565692067146301270e-01
1.719445466995239258e+00
-9.466846585273742676e-01
4.880027174949645996e-01
7.766275405883789062e-01
1.390485525131225586e+00
-8.673082590103149414e-01
2.794969081878662109e-02
1.333269178867340088e-01
-2.899980545043945312e-01
-1.787171363830566406e-01
2.484349727630615234e+00
-1.055024147033691406e+00
7.505010962486267090e-01
5.117743015289306641e-01
2.794318199157714844e-01
1.730870008468627930e+00
2.290059924125671387e-01
-3.902215361595153809e-01
-3.502852916717529297e-01
-1.529771089553833008e+00
2.596880435943603516e+00
1.766311168670654297e+00
-2.455110073089599609e+00
-1.131641387939453125e+00
2.150310277938842773e+00
5.537114143371582031e-01
1.300361156463623047e+00
1.164123296737670898e+00
5.873169302940368652e-01
-1.731511116027832031e+00
-9.632623791694641113e-01
3.876526951789855957e-01
-1.216679573059082031e+00
-1.139681816101074219e+00
-1.302887201309204102e-01
-1.125273823738098145e+00
1.992828607559204102e+00
-1.041180014610290527e+00
1.969715237617492676e+00
1.453232884407043457e+00
-4.280301332473754883e-01
-2.015465021133422852e+00
4.455889463424682617e-01
-1.427961587905883789e+00
-1.109140872955322266e+00
-1.046832919120788574e+00
1.022234559059143066e-02
3.979526758193969727e-01
1.149169445037841797e+00
4.874721467494964600e-01
1.864692568778991699e+00
-2.018777608871459961e+00
-1.389646410942077637e+00
-6.320587992668151855e-01
-3.984889388084411621e-02
2.327556610107421875e+00
1.814708828926086426e+00
2.394340634346008301e-01
1.938210248947143555e+00
-1.655493974685668945e-01
-2.309521436691284180e+00
-5.307746678590774536e-02
8.504287004470825195e-01
-1.870190024375915527e+00
4.297559261322021484e-01
-5.752686858177185059e-01
-1.191711306571960449e+00
-7.934782505035400391e-01
-4.237884879112243652e-01
-6.065025329589843750e-01
1.545040607452392578e+00
-1.034546494483947754e+00
-6.584312319755554199e-01
5.568890571594238281e-01
3.626164495944976807e-01
2.411650180816650391e+00
-1.358656406402587891e+00
-8.806514143943786621e-01
3.048640191555023193e-01
1.740912497043609619e-01
-1.064074516296386719e+00
1.347518205642700195e+00
-2.700769901275634766e-02
-5.973401069641113281e-01
-6.242803931236267090e-01
1.134926676750183105e+00
-1.195128679275512695e+00
-9.313112497329711914e-01
-1.504091501235961914e+00
2.510983467102050781e+00
-1.294785141944885254e-01
3.008626103401184082e-01
1.904487848281860352e+00
-1.041660308837890625e+00
6.352993249893188477e-01
-9.656529873609542847e-02
-1.926816999912261963e-01
1.692720174789428711e+00
1.648594737052917480e+00
-9.652258157730102539e-01
-1.732026815414428711e+00
-1.100148439407348633e+00
-3.653512597084045410e-01
6.714458465576171875e-01
6.966531276702880859e-03
-2.546871304512023926e-01
-1.366734266281127930e+00
1.474260568618774414e+00
1.609297275543212891e+00
-3.230777740478515625e+00
1.370368957519531250e+00
1.061827301979064941e+00
-3.445681333541870117e-01
-8.932291269302368164e-01
-7.344000041484832764e-02
-6.955078244209289551e-02
9.295046329498291016e-01
-2.319476008415222168e-02
-3.824657201766967773e-01
-8.754298686981201172e-01
-6.844905018806457520e-01
6.655423045158386230e-01
2.463097721338272095e-01
-1.768672466278076172e-01
-1.606480956077575684e+00
1.246091604232788086e+00
-1.752256274223327637e+00
-2.919525504112243652e-01
8.829966783523559570e-01
-9.515684843063354492e-01
5.401988029479980469e-01
-6.594561338424682617e-01
1.687602996826171875e+00
1.597469568252563477e+00
1.084464311599731445e+00
8.621029853820800781e-01
-4.570907056331634521e-01
-1.495669841766357422e+00
4.056113064289093018e-01
-7.556620836257934570e-01
-4.401762783527374268e-01
-1.053053855895996094e+00
-1.447979092597961426e+00
6.881408095359802246e-01
-6.109577417373657227e-01
-5.724703073501586914e-01
-2.695811390876770020e-01
-8.481801748275756836e-01
1.556515693664550781e-03
-1.274008274078369141e+00
1.461170315742492676e-01
-6.367399096488952637e-01
-8.411877751350402832e-01
2.626029849052429199e-01
6.051791906356811523e-01
1.584885716438293457e-01
1.217294335365295410e-01
4.361253976821899414e-01
1.609467387199401855e+00
1.109203934669494629e+00
2.417852282524108887e-01
-2.187156915664672852e+00
3.711787164211273193e-01
9.399079084396362305e-01
9.737372398376464844e-01
-1.285628080368041992e-01
1.454750537872314453e+00
-1.640248656272888184e+00
5.052677392959594727e-01
-2.329757362604141235e-01
2.026049613952636719e+00
-3.986437320709228516e-01
-1.014193058013916016e+00
-1.816907525062561035e+00
9.062844514846801758e-01
-2.430949807167053223e-01
-9.395335316658020020e-01
4.182332009077072144e-02
6.293842792510986328e-01
-1.162739872932434082e+00
-8.058943152427673340e-01
-1.961706399917602539e+00
-9.930247664451599121e-01
6.242934465408325195e-01
-6.648248434066772461e-01
4.605646133422851562e-01
-8.181904554367065430e-01
-5.300238132476806641e-01
-3.693912923336029053e-01
1.122296690940856934e+00
-1.032607555389404297e+00
-1.622603535652160645e+00
1.665737032890319824e-01
-6.675192713737487793e-02
-1.889286339282989502e-01
1.537327468395233154e-01
5.312185287475585938e-01
4.232427775859832764e-01
-1.725085973739624023e+00
-2.042041122913360596e-01
6.064265370368957520e-01
1.038607120513916016e+00
4.226441681385040283e-01
-1.555468916893005371e+00
-9.288334250450134277e-01
-6.090876460075378418e-02
1.642556309700012207e+00
-1.599571108818054199e+00
-1.351164698600769043e+00
6.082684993743896484e-01
1.407562196254730225e-02
3.886017799377441406e-01
2.012112140655517578e+00
1.432607650756835938e+00
-1.275204420089721680e-01
1.677948236465454102e-02
-1.286565542221069336e+00
-9.858399629592895508e-02
-6.350005269050598145e-01
-2.365251183509826660e-01
-1.303399920463562012e+00
-7.032460570335388184e-01
-5.949780344963073730e-01
3.154207468032836914e-01
-1.131701707839965820e+00
4.818720221519470215e-01
1.969957590103149414e+00
1.064121365547180176e+00
-5.413649082183837891e-01
-2.284475266933441162e-01
7.706789970397949219e-01
-9.035555124282836914e-01
2.514296770095825195e-01
1.369130611419677734e-02
9.703068733215332031e-01
3.410577476024627686e-01
-5.498012304306030273e-01
2.109898328781127930e+00
1.744090795516967773e+00
9.811429381370544434e-01
-2.069549322128295898e+00
1.404392123222351074e-01
1.749198287725448608e-01
1.105876445770263672e+00
4.145358800888061523e-01
-2.038107395172119141e+00
-6.522498130798339844e-01
-1.643256843090057373e-01
-3.443901538848876953e-01
-2.053528130054473877e-01
2.677781581878662109e-01
4.181310236454010010e-01
2.834399640560150146e-01
-6.015092134475708008e-01
-3.455139994621276855e-01
-1.189506173133850098e+00
-5.203127861022949219e-03
-1.186768710613250732e-02
3.319525122642517090e-01
-3.643920123577117920e-01
-5.973514318466186523e-01
6.983372569084167480e-01
-6.465155631303787231e-02
-3.905038237571716309e-01
-6.524837017059326172e-01
7.886343598365783691e-01
-4.060374498367309570e-01
1.754970252513885498e-01
1.365475058555603027e+00
-2.943845987319946289e-01
2.277382373809814453e+00
2.098725318908691406e+00
1.250173330307006836e+00
8.728939294815063477e-01
1.060128808021545410e+00
-1.632158398628234863e+00
1.340000152587890625e+00
-1.241981089115142822e-01
-1.420028507709503174e-01
1.277850508689880371e+00
-8.789228796958923340e-01
2.534215927124023438e+00
8.414360880851745605e-02
2.507153034210205078e+00
-4.333660602569580078e-01
-1.429356575012207031e+00
3.362079262733459473e-01
1.234543621540069580e-01
-9.902759790420532227e-01
5.427537560462951660e-01
-1.917438507080078125e+00
2.290088176727294922e+00
-1.651556640863418579e-01
-1.045075178146362305e+00
-2.526549994945526123e-02
1.133265733718872070e+00
1.445663571357727051e+00
1.637876510620117188e+00
1.103190332651138306e-01
1.420338153839111328e+00
-8.499152660369873047e-01
1.508827924728393555e+00
8.685736060142517090e-01
3.124000132083892822e-01
8.412756919860839844e-01
-1.212400197982788086e-01
-7.378116846084594727e-01
-2.723331928253173828e+00
-1.116964459419250488e+00
-9.310263395309448242e-01
-1.002094626426696777e+00
1.398097395896911621e+00
9.696926474571228027e-01
1.328794717788696289e+00
-1.059413433074951172e+00
-1.732831239700317383e+00
-9.756164550781250000e-01
9.406790733337402344e-01
-9.294774532318115234e-01
-7.392987012863159180e-01
1.161491036415100098e+00
3.193965256214141846e-01
1.369455218315124512e+00
-3.393475115299224854e-01
3.300865292549133301e-01
1.377638101577758789e+00
1.129177331924438477e+00
-9.810606241226196289e-01
-1.962568163871765137e-01
3.039153814315795898e-01
5.917452573776245117e-01
-9.956712126731872559e-01
1.497143954038619995e-01
-9.931587576866149902e-01
2.746617197990417480e-01
-4.444345235824584961e-01
-8.679230213165283203e-01
-8.215631842613220215e-01
-1.194854259490966797e+00
-1.012051105499267578e+00
-7.626956105232238770e-01
3.171949386596679688e-01
3.202340006828308105e-01
-3.141721785068511963e-01
-2.230659008026123047e+00
-2.711296081542968750e-02
1.121411800384521484e+00
3.901598602533340454e-02
5.967325568199157715e-01
3.217329978942871094e-01
1.270620584487915039e+00
-8.735066652297973633e-02
-1.246810197830200195e+00
-1.328508377075195312e+00
5.181784629821777344e-01
9.272660017013549805e-01
-2.781611084938049316e-01
1.500685572624206543e+00
2.768689692020416260e-01
3.395154774188995361e-01
-7.944772243499755859e-01
-8.113957643508911133e-01
1.352122902870178223e+00
-8.591750264167785645e-01
-4.561830759048461914e-01
-5.426039099693298340e-01
7.687046527862548828e-01
6.287869215011596680e-01
9.385689496994018555e-01
-2.365932703018188477e+00
-7.039848566055297852e-01
-1.178169369697570801e+00
-7.977677583694458008e-01
3.571301698684692383e-03
1.581040322780609131e-01
8.489336967468261719e-01
-6.708456873893737793e-01
-6.414498090744018555e-01
1.201079130172729492e+00
-3.418776392936706543e-02
7.920203208923339844e-01
-1.116382330656051636e-01
-9.421160221099853516e-01
-1.095006108283996582e+00
-8.978683948516845703e-01
2.018217444419860840e-01
-4.424405694007873535e-01
5.516991615295410156e-01
2.580690979957580566e-01
-4.431438744068145752e-01
1.243400692939758301e+00
1.147882699966430664e+00
-2.380450963973999023e-01
7.123402357101440430e-01
1.250165998935699463e-01
1.685353755950927734e+00
-1.257322788238525391e+00
1.754005849361419678e-01
8.248809576034545898e-01
-1.385195255279541016e+00
-2.146449089050292969e-01
-1.715313792228698730e-01
1.992095470428466797e+00
1.738183736801147461e+00
-2.581827878952026367e+00
1.041554808616638184e-01
-1.083003997802734375e+00
-5.576527714729309082e-01
2.939556241035461426e-01
-1.232640981674194336e+00
6.272327899932861328e-01
1.008401155471801758e+00
1.285126924514770508e+00
-1.787542819976806641e+00
-6.355806589126586914e-01
1.495683431625366211e+00
-2.019023895263671875e+00
-8.252521157264709473e-01
-7.284805178642272949e-01
2.702776789665222168e-01
1.333100080490112305e+00
3.113335967063903809e-01
1.473999321460723877e-01
5.204668641090393066e-01
-1.536202430725097656e+00
-8.031076192855834961e-01
1.971047401428222656e+00
-8.725665509700775146e-02
3.425992280244827271e-02
9.261164665222167969e-01
5.024460554122924805e-01
2.222269058227539062e+00
-2.431459903717041016e+00
-4.313694238662719727e-01
2.351167201995849609e+00
-6.195299029350280762e-01
1.443606734275817871e+00
2.365580081939697266e+00
-5.574743151664733887e-01
-9.425462484359741211e-01
2.375826239585876465e-01
7.869877815246582031e-01
2.247738540172576904e-01
-7.326734066009521484e-01
3.368739485740661621e-01
1.193994402885437012e+00
5.985302925109863281e-01
2.695879042148590088e-01
-1.848166227340698242e+00
3.945985436439514160e-01
1.220708131790161133e+00
2.072244167327880859e+00
1.161275744438171387e+00
-2.256415188312530518e-01
-4.946266412734985352e-01
1.262150645256042480e+00
6.792528033256530762e-01
1.136267423629760742e+00
-7.393541336059570312e-01
2.822762131690979004e-01
-4.529920220375061035e-01
1.545382142066955566e-01
-3.273535370826721191e-01
1.241969943046569824e+00
-4.273606836795806885e-01
-3.880757093429565430e-01
-4.469872713088989258e-01
5.726642012596130371e-01
9.743109941482543945e-01
1.811425685882568359e+00
1.162329554557800293e+00
1.705288410186767578e+00
7.548439502716064453e-01
5.572907924652099609e-01
-9.504931569099426270e-01
5.114585757255554199e-01
3.502127826213836670e-01
-1.302667379379272461e+00
2.505965232849121094e-01
-7.390298694372177124e-02
1.125462055206298828e+00
-3.421894311904907227e-01
1.128314495086669922e+00
5.962533950805664062e-01
2.399759769439697266e+00
-2.634616196155548096e-01
-1.259479284286499023e+00
-1.740637898445129395e+00
6.836459636688232422e-01
1.400935649871826172e-01
9.338349699974060059e-01
-5.292621850967407227e-01
-9.978234767913818359e-01
-8.640136122703552246e-01
-1.759862780570983887e+00
-6.299690604209899902e-01
1.246137619018554688e+00
-1.511372089385986328e+00
3.483906984329223633e-01
-9.279702901840209961e-01
4.091266691684722900e-01
-1.429195642471313477e+00
1.566147446632385254e+00
1.345471739768981934e-01
8.529722094535827637e-01
-1.988348811864852905e-01
-7.792973518371582031e-01
-1.891718804836273193e-01
-3.518788218498229980e-01
